,Player_name,DRAFT_YEAR+1,lr_class,forest_class,tree_class,ada_class,knn_class,bag_class,svc,grad,tot
4,Bam Adebayo,2018.0,1,0,1,0,0,1,1,0,4
10,Jarrett Allen,2018.0,1,0,1,0,0,1,1,0,4
11,Kadeem Allen,2018.0,0,0,0,0,0,0,0,0,0
18,Ike Anigbogu,2018.0,0,0,0,0,0,1,0,0,1
22,OG Anunoby,2018.0,0,0,0,0,0,0,0,0,0
29,Dwayne Bacon,2018.0,0,0,0,0,0,0,0,0,0
35,Lonzo Ball,2018.0,0,0,0,0,0,0,0,0,0
51,Jordan Bell,2018.0,0,0,0,0,0,0,0,0,0
62,Jaron Blossomgame,2018.0,0,0,0,0,0,0,0,0,0
66,Jonah Bolden,2018.0,0,0,0,0,0,0,0,0,0
73,Tony Bradley,2018.0,0,0,0,1,0,0,0,0,1
82,Dillon Brooks,2018.0,0,0,0,0,0,0,0,0,0
87,Sterling Brown,2018.0,0,0,0,0,0,0,0,0,0
140,Zach Collins,2018.0,1,1,1,0,0,1,0,1,5
183,Tyler Dorsey,2018.0,0,0,0,0,0,0,0,0,0
184,Tyler Dorsey,2018.0,0,0,0,0,0,0,0,0,0
185,Damyean Dotson,2018.0,0,0,0,0,0,0,0,0,0
207,Jawun Evans,2018.0,0,0,0,0,0,0,0,0,0
208,Jawun Evans,2018.0,0,0,0,0,0,0,0,0,0
217,Terrance Ferguson,2018.0,0,0,0,0,0,0,0,0,0
222,De'Aaron Fox,2018.0,1,1,1,1,1,1,1,1,8
229,Markelle Fultz,2018.0,0,0,0,0,0,0,0,0,0
242,Harry Giles,2018.0,1,0,1,0,0,0,0,0,2
281,Josh Hart,2018.0,0,0,0,0,0,0,0,0,0
282,Isaiah Hartenstein,2018.0,0,0,0,0,0,0,0,0,0
322,Jonathan Isaac,2018.0,1,0,0,0,0,1,0,0,2
323,Wesley Iwundu,2018.0,0,0,0,0,0,0,0,0,0
325,Frank Jackson,2018.0,0,0,0,0,0,0,0,0,0
327,Josh Jackson,2018.0,0,0,0,0,0,0,0,0,0
329,Justin Jackson,2018.0,0,0,0,0,0,0,0,0,0
330,Justin Jackson,2018.0,0,0,0,0,0,0,0,0,0
368,Luke Kennard,2018.0,0,0,0,0,0,0,0,0,0
383,Kyle Kuzma,2018.0,0,0,0,0,0,0,0,0,0
390,T.J. Leaf,2018.0,0,0,0,0,1,0,0,0,1
417,Tyler Lydon,2018.0,0,0,0,0,0,0,0,0,0
432,Lauri Markkanen,2018.0,1,0,0,0,0,0,0,0,1
434,Frank Mason,2018.0,0,0,0,0,0,0,0,0,0
469,Donovan Mitchell,2018.0,1,1,1,1,1,1,1,1,8
471,Malik Monk,2018.0,0,0,0,0,0,0,0,0,0
485,Monte Morris,2018.0,0,0,0,0,1,0,0,0,1
505,Frank Ntilikina,2018.0,0,0,0,0,0,0,1,0,1
513,Semi Ojeleye,2018.0,0,0,0,0,0,0,0,0,0
530,Justin Patton,2018.0,0,0,0,0,0,0,0,0,0
552,Ivan Rabb,2018.0,0,0,0,0,0,0,0,0,0
556,Davon Reed,2018.0,0,0,0,0,0,0,0,0,0
606,Dennis Smith,2018.0,0,0,0,0,0,0,0,0,0
607,Dennis Smith,2018.0,0,0,0,0,0,0,0,0,0
625,Edmond Sumner,2018.0,0,0,0,0,0,0,0,0,0
627,Caleb Swanigan,2018.0,0,0,0,0,0,0,0,0,0
628,Caleb Swanigan,2018.0,0,0,0,0,0,0,0,0,0
629,Jayson Tatum,2018.0,1,0,0,0,0,1,0,0,2
645,Sindarius Thornwell,2018.0,0,0,0,0,0,0,0,0,0
676,Derrick White,2018.0,0,1,1,0,0,1,0,0,3
688,D.J. Wilson,2018.0,0,0,0,0,0,0,0,0,0
735,Wade Baldwin,2017.0,0,0,0,0,0,0,0,0,0
745,Malik Beasley,2017.0,0,0,0,0,0,0,0,0,0
749,DeAndre' Bembry,2017.0,0,0,0,0,0,0,0,0,0
750,Dragan Bender,2017.0,0,0,0,0,0,0,0,0,0
764,Joel Bolomboy,2017.0,0,0,0,0,0,0,0,0,0
771,Malcolm Brogdon,2017.0,0,0,0,0,0,0,0,0,0
777,Jaylen Brown,2017.0,1,1,1,0,0,1,0,0,4
803,Marquese Chriss,2017.0,1,0,0,0,0,0,0,0,1
830,Deyonta Davis,2017.0,1,1,1,0,0,1,0,0,4
838,Cheick Diallo,2017.0,1,0,0,1,0,0,0,0,2
849,Kris Dunn,2017.0,0,0,0,0,0,0,0,0,0
852,Henry Ellenson,2017.0,0,0,0,0,0,0,0,0,0
899,Daniel Hamilton,2017.0,0,0,0,0,0,0,0,0,0
918,Juan Hernangómez,2017.0,0,0,0,0,0,0,0,0,0
922,Buddy Hield,2017.0,0,0,0,0,0,0,0,0,0
945,Brandon Ingram,2017.0,1,1,1,1,0,1,0,0,5
971,Damian Jones,2017.0,0,0,0,0,0,0,0,0,0
983,Furkan Korkmaz,2017.0,0,0,0,0,0,0,0,0,0
989,Skal Labissière,2017.0,1,0,0,0,0,0,0,0,1
994,Jake Layman,2017.0,0,0,0,0,0,0,0,0,0
1003,Caris LeVert,2017.0,0,0,0,0,0,0,0,0,0
1013,Timothé Luwawu-Cabarrot,2017.0,0,0,0,0,0,0,0,0,0
1019,Thon Maker,2017.0,0,0,0,0,0,0,0,0,0
1028,Patrick McCaw,2017.0,0,0,0,0,0,0,0,0,0
1067,Dejounte Murray,2017.0,1,0,0,0,1,0,0,0,2
1068,Jamal Murray,2017.0,1,1,1,1,0,1,0,1,6
1070,Abdel Nader,2017.0,0,0,0,0,0,0,0,0,0
1075,Georges Niang,2017.0,0,0,0,0,0,0,0,0,0
1091,Chinanu Onuaku,2017.0,0,0,0,0,0,0,0,0,0
1095,Marcus Paige,2017.0,0,0,0,0,0,0,0,0,0
1114,Jakob Pöltl,2017.0,1,0,1,0,0,1,0,0,3
1124,Zhou Qi,2017.0,0,0,0,0,0,0,0,0,0
1145,Domantas Sabonis,2017.0,1,1,1,1,1,1,1,1,8
1155,Pascal Siakam,2017.0,1,0,0,0,0,1,0,0,2
1157,Ben Simmons,2017.0,1,1,0,0,1,1,1,0,5
1195,Tyler Ulis,2017.0,0,0,0,0,0,0,0,0,0
1197,Denzel Valentine,2017.0,0,0,0,0,0,0,0,0,0
1206,Tyrone Wallace,2017.0,0,0,0,0,0,0,0,0,0
1207,Taurean Waller-Prince,2017.0,0,0,0,0,0,0,0,0,0
1219,Isaiah Whitehead,2017.0,0,0,0,0,0,0,0,0,0
1238,Guerschon Yabusele,2017.0,0,0,0,0,0,0,0,0,0
1245,Paul Zipser,2017.0,0,0,0,0,0,0,0,0,0
1246,Ante Žižić,2017.0,1,0,0,1,1,0,1,0,4
1247,Ivica Zubac,2017.0,0,0,0,0,0,0,0,0,0
1300,Devin Booker,2016.0,1,1,1,1,1,1,1,1,8
1323,Willie Cauley-Stein,2016.0,1,0,1,0,0,1,0,0,3
1327,Rakeem Christmas,2016.0,0,0,0,0,0,0,0,0,0
1335,Pat Connaughton,2016.0,0,0,0,0,0,0,0,0,0
1351,Sam Dekker,2016.0,0,0,0,0,0,0,0,0,0
1409,Jerian Grant,2016.0,0,0,1,0,0,0,0,0,1
1422,Montrezl Harrell,2016.0,1,1,1,1,1,1,1,1,8
1429,Andrew Harrison,2016.0,0,0,0,0,0,0,0,0,0
1436,Willy Hernangomez,2016.0,1,1,1,1,1,1,1,1,8
1437,Mario Hezonja,2016.0,0,0,0,0,0,0,0,0,0
1444,Darrun Hilliard,2016.0,0,0,0,0,0,0,0,0,0
1447,Rondae Hollis-Jefferson,2016.0,1,0,0,0,0,0,0,0,1
1448,Richaun Holmes,2016.0,1,1,1,1,1,1,1,1,8
1456,R.J. Hunter,2016.0,0,0,0,0,0,0,0,0,0
1477,Stanley Johnson,2016.0,0,0,0,0,0,0,0,0,0
1486,Tyus Jones,2016.0,0,0,0,0,0,0,0,0,0
1489,Frank Kaminsky,2016.0,0,0,0,0,0,0,0,0,0
1517,Kevon Looney,2016.0,0,0,0,0,0,0,0,0,0
1524,Trey Lyles,2016.0,0,0,0,0,0,0,0,0,0
1530,Jarell Martin,2016.0,0,0,0,0,0,0,0,0,0
1547,Jordan Mickey,2016.0,0,0,0,0,0,0,0,0,0
1562,Emmanuel Mudiay,2016.0,0,0,0,0,0,0,0,0,0
1567,Larry Nance,2016.0,0,1,0,0,0,1,0,0,2
1585,Jahlil Okafor,2016.0,0,0,0,0,0,0,0,0,0
1590,Kelly Oubre,2016.0,0,0,0,0,0,0,0,0,0
1609,Bobby Portis,2016.0,0,0,0,0,0,0,0,0,0
1610,Kristaps Porzingis,2016.0,1,1,1,1,1,1,1,1,8
1612,Norman Powell,2016.0,1,0,1,0,0,0,0,0,2
1621,Josh Richardson,2016.0,0,0,0,0,0,0,0,0,0
1632,Terry Rozier,2016.0,0,0,0,0,0,0,0,0,0
1636,D'Angelo Russell,2016.0,1,0,0,0,0,0,0,0,1
1683,Myles Turner,2016.0,1,0,0,1,0,1,0,0,3
1692,Rashad Vaughn,2016.0,0,0,0,0,0,0,0,0,0
1719,Justise Winslow,2016.0,0,0,0,0,0,0,0,0,0
1724,Delon Wright,2016.0,0,0,0,0,0,0,0,0,0
1726,Joe Young,2016.0,0,0,0,0,0,0,0,0,0
